sample_uid	C1d	C42.2	C1	C1b	C3cg	C115k	C41p	C45c	C1bi	C1au	C3	C42bg	271071_C	3307989_C	C3ld	92599_C	C1j	C42ap	C1ex	C42a	C42b	91494_C	C1c	C1hk	C29a	C42bh	C15h	92447_C	271034_C	C1nr	C42al	C115l	C115d	C1ey	C1az	488_C	C116r	484439_C	C116s	C116ap	60262_C	D1	D1bp	D2d	D1lc	D1n	D1lb	D1ld	867731_D	3307991_D	D2.2	22819_D	3307993_D	13744_D	10933_D	276706_D	3307994_D	3307992_D	D4	D1ay
167205	0	0	0	0	0	0	0	0	0	0	0	0	0	0	0	0	0	0	0	0	0	0	0	0	0	0	0	0	0	0	0	0	0	0	0	0	0	0	0	0	0	0.7587251371453573	0.04997812405344462	0.1267963517652206	0	0.049069430888836536	0	0	0	0	0.008094100225490525	0	0.007336855921650456	0	0	0	0	0	0	0
167211	0	0	0	0	0	0	0	0	0	0	0	0	0	0	0	0	0	0	0	0	0	0	0	0	0	0	0	0	0	0	0	0	0	0	0	0	0	0	0	0	0	0.7680334026309813	0.04622560751908597	0.119372477769431	0	0.05029611642004857	0	0	0	0	0.008525357698153421	0	0.00754703796229975	0	0	0	0	0	0	0
167216	0	0	0	0	0	0	0	0	0	0	0	0	0	0	0	0	0	0	0	0	0	0	0	0	0	0	0	0	0	0	0	0	0	0	0	0	0	0	0	0	0	0.7858846952611435	0.047577364708305446	0.10528122479103376	0	0.043715565624839095	0	0	0	0	0.006453495357259324	0	0.0065393131146696875	0	0	0.004548341142749258	0	0	0	0
167213	0	0	0	0	0	0	0	0	0	0	0	0	0	0	0	0	0	0	0	0	0	0	0	0	0	0	0	0	0	0	0	0	0	0	0	0	0	0	0	0	0	0.7905887538915062	0.04551340331156845	0.09918175055789735	0	0.04627104168388572	0	0	0	0	0.007438631291842301	0	0.0067774196214563185	0	0	0.004228999641843679	0	0	0	0
167215	0	0	0	0	0	0	0	0	0	0	0	0	0	0	0	0	0	0	0	0	0	0	0	0	0	0	0	0	0	0	0	0	0	0	0	0	0	0	0	0	0	0.785981118789311	0.05120126033871603	0.10142384856839366	0	0.042691587000369985	0	0	0	0	0.00699392507190853	0	0.007292300714908041	0	0	0.004415959516392758	0	0	0	0
167214	0.00017354181490030022	0	0	0	0	0	0	0	0	0	0	0	0	0	0	0	0	0	0	0	0	0	0	0	0	0	0	0	0	0	0	0	0	0	0	0	0	0	0	0	0	0.7937976155354632	0.04581503913367926	0.09688839525883762	0	0.04383666244381584	0	0	0	0	0.006889610051541919	0	0.00760113149263315	0	0	0.004998004269128647	0	0	0	0
167206	8.50210001870462e-05	0	0	0	0	0	0	0	0	0	0	0	0	0	0	0	0	0	0	0	0	0	0	0	0	0	0	0	0	0	0	0	0	0	0	0	0	0	0	0	0	0.7622982876770562	0.04922715910829975	0.11086738424390824	0	0.05788229692734105	0	0	0	0	0.01095070482409155	0	0.008689146219116121	0	0	0	0	0	0	0
167210	0	0	0	0	0	0	0	0	0	0	0	0	0	0	0	0	0	0	0	0	0	0	0	0	0	0	0	0	0	0	0	0	0	0	0	0	0	0	0	0	0	0.7824399007353501	0.05158107881795899	0.09821414978000396	0	0.046937563753178146	0	0	0	0	0.00809950824414232	0	0.008023385046359027	0	0	0.004704413623007476	0	0	0	0
167209	0	0	0	0	0	0	0	0	0	0	0	0	0	0	0	0	0	0	0	0	0	0	0	0	0	0	0	0	0	0	0	0	0	0	0	0	0	0	0	0	0	0.7727338604486385	0.049598222193594096	0.10765068680655084	0	0.047053897808338296	0	0	0	0	0.010660397107843927	0	0.007520249923509235	0	0	0.004782685711525145	0	0	0	0
167221	6.911327666044647e-05	0	0	0	0	0	0	0	0	0	0	0	0	0	0	0	0	0	0	0	0	0	0	0	0	0	0	0	0	0	0	0	0	0	0	0	0	0	0	0	0	0.7609717326698459	0.07274172368511991	0.009416683944985831	0.0634978229317852	0	0.03189577717879605	0.030306171815605777	0.006099246665284401	0.012803234501347708	0	0.006703987836063308	0	0	0.005494505494505495	0	0	0	0	0
167212	0.00010809642200843153	0	0	0	0	0	0	0	0	0	0	0	0	0	0	0	0	0	0	0	0	0	0	0	0	0	0	0	0	0	0	0	0	0	0	0	0	0	0	0	0	0.8252729434655713	0.059236839260620476	0.02602961841963031	0.04222246243649335	0	0.01128526645768025	0.010852880769646524	0.008928764457896443	0	0	0	0	0.016063128310452923	0	0	0	0	0	0
167208	0	0	0	0	0	0	0	0	0	0	0	0	0	0	0	0	0	0	0	0	0	0	0	0	0	0	0	0	0	0	0	0	0	0	0	0	0	0	0	0	0	0.8272211321947301	0.06065234853373013	0.028258779842245955	0.03925415783305461	0	0.011258740337893891	0.010205290949552942	0.008480267576144639	0	0	0	0	0.014669282732647714	0	0	0	0	0	0
167217	0.0003077956237058593	0	0	0	0	0	0	0	0	0	0	0	0	0	0	0	0	0	0	0	0	0	0	0	0	0	0.006421735967317701	0	0	0	0	0	0	0	0	0	0.00013990710168448151	0.00012591639151603336	0.0001119256813475852	6.995355084224076e-05	5.59628406737926e-05	0.7077200738709497	0.08891096312048799	0.008800156695953886	0.0616850411326879	0	0.0468688790643013	0.03154905142985058	0.011374447366948346	0.015263864793776932	0	0.012465722760087302	0	0	0.008128602607868376	0	0	0	0	0
167220	9.922603691208574e-05	0	0	0	0	0	0	0	0	0	0	0	0	0	0	0	0	0	0	0	0	0	0	0	0	0	0	0	0	0	0	0	0	0	0	0	0	0	0	0	0	0.6901170867235563	0.10000567005925212	0.0065630935843279566	0.06150596773736285	0	0.049683894196694355	0.03360927621693647	0.015011481869985542	0.015110707906897627	0	0.01404757179712528	0	0	0	0	0.004904601253083095	0.0044084710685226665	0	0.004932951549343691
167207	0	0	0	0	0	0	0	0	0	0	0	0	0	0	0	0	0	0	0	0	0	0	0	0	0	0	0	0	0	0	0	0	0	0	0	0	0	0	0	0	0	0.7982489234652062	0.058139383610652164	0.03787060767299361	0.052584333979471036	0	0.013725005529030663	0.011214175133672448	0.009353818934002889	0	0	0	0	0.018863751674971053	0	0	0	0	0	0
167218	0	0	0	0	0	0	0	0	0	0	0	0	0	0	0	0	0	0	0	0	0	0	0	0	0	0	0	0	0	0	0	0	0	0	0	0	0	0	0	0	0	0.7044503733640655	0.09293844623715328	0.00972483147309095	0.056265096380026206	0	0.04136210788879592	0.0363733956396129	0.012898031353109263	0.016718500860394992	0	0.012898031353109263	0	0	0.00743570718153545	0	0	0.008935478269106295	0	0
167222	0	0	0	0	0	0	0	0	0	0	0	0	0	0	0	0	0	0	0	0	0	0	0	0	0	0	0	0	0	0	0	0	0	0	0	0	0	0	0	0	0	0.6790517437884659	0.09699870830484006	0.012065952435225288	0.056105159182432945	0	0.05560367753210242	0.04042246029936935	0.011382113821138212	0.017217536661347923	0	0.012856165944837019	0	0	0.00863156295114353	0	0.005349137603525568	0.004315781475571765	0	0
167219	0.000426652815908585	9.275061215404022e-05	7.420048972323217e-05	0	0	0	0	0	0	0	0	0	0	0	0	0	0	0	0	0	0	0	0	0	0	0	0	0	0	0	0	0	0	0	0	0	0	0	0	0	0	0.653168360911182	0.09282481264376345	0.009924315500482303	0.06670624026118573	0	0.05145803962306151	0.04823031832010091	0.011352674927654523	0.01213178006974846	0.006121540402166654	0.01051791941826816	0	0.01365289010907472	0.008755657787341397	0	0.00881130815463382	0	0.005750537953550494	0
167226	0.6656412176983575	0.0890936814509657	0.06397464020116633	0.040474024931785355	0.013843561072173773	0.014258199133272698	0.021801936761007973	0.013094537477930554	0	0.011984377507891499	0.020397517521801935	0.01115510138569365	0	0	0.008279385800652721	0	0.0049221550478840085	0	0.006821464876143599	0	0	0	0.00638007597239313	0.0068080894548178264	0	0	0	0	0	0	0	0	0	0	0	0	0	0	0	0	0	0.0009095286501524798	5.3501685303087046e-05	5.3501685303087046e-05	5.3501685303087046e-05	0	0	0	0	0	0	0	0	0	0	0	0	0	0	0
167227	0.5250726978998385	0.07310177705977383	0.14305331179321487	0.05231017770597738	0.025153473344103394	0.019176090468497577	0.019095315024232635	0.016510500807754444	0.012956381260096931	0.019773828756058157	0.019192245557350565	0.01321486268174475	0	0	0	0	0.010080775444264943	0	0.01235864297253635	0	0	0.0044911147011308565	0.010662358642972537	0.009063004846526656	0.008610662358642973	0	0	0	0	0	0	0	0	0.004765751211631664	0	0	0	0	0	0	0	0.0011147011308562198	8.077544426494346e-05	8.077544426494346e-05	0	8.077544426494346e-05	0	0	0	0	0	0	0	0	0	0	0	0	0	0
167228	0.5932939406628515	0.08550070565610508	0.07644349323035407	0.04219978597682966	0.02273608461669691	0.013771925743265249	0.011817801144558694	0.011755765443012454	0.014655934490299167	0.009258828455776299	0.010592596039020456	0.00884008747033918	0.007087578901657904	0.007506319887095023	0.009212301679616619	0.011181935203709735	0.005691775616867507	0.006901471797019184	0.0048077668698335895	0	0	0.004854293645993269	0.0042029187797577505	0.004668186541354549	0.005164472153724469	0.0052109989298841485	0	0.0060329719753718265	0.005893391646892787	0.005753811318413747	0	0	0	0	0	0.0043890258843964705	0	0	0	0	0	0.0005738302393027187	0	0	0	0	0	0	0	0	0	0	0	0	0	0	0	0	0	0
167225	0.5131534266823802	0.1276591494716657	0.0944010546711144	0.046281685076803226	0.024469168847252462	0.012344445998042467	0.00804985717995326	0.009767692707188943	0.012404370493178595	0.009727743043764857	0.008709026626450673	0.0055330283842358625	0.010147214509717756	0.007790184367696702	0.0068513672772306895	0.009727743043764857	0.00804985717995326	0.007230889079759503	0	0.023909873559315262	0.023070930627409465	0.004534286798633722	0	0	0	0.004334538481513293	0	0	0	0	0.005672852206220162	0.005373229730539521	0.004973733096298664	0	0.004674110620618021	0	0	0	0	0	0	0.001018716417314184	0	0.0001398238219842998	0	0	0	0	0	0	0	0	0	0	0	0	0	0	0	0
167224	0.7412736029355553	0.07135540096322911	0.05669291338582677	0.030838620900542773	0.022429477868664477	0.008714930051219327	0.006008714930051219	0.00770583288739393	0.010748413729837168	0.005106643222995184	0	0	0.011314119715618073	0.009311214738934332	0.006788471829370844	0	0	0.00622276584358994	0	0	0	0.004464490482379023	0	0	0	0	0	0	0	0	0	0	0	0	0	0	0	0	0	0	0	0.0008562036541548811	6.115740386820579e-05	0.00010702545676936014	0	0	0	0	0	0	0	0	0	0	0	0	0	0	0	0
167223	0.7314486970531482	0.06562505854362202	0.0555836564941269	0.03199760205324191	0.023960733621836303	0.00953558515521085	0.006200940444744188	0.00916090597425954	0.01041608123044643	0.005282976451413477	0	0.004908297270462166	0.01288896382472508	0.010472283107589127	0	0.008861162629498492	0	0.007399913823788381	0	0	0	0.00430881058094007	0	0	0	0	0	0	0	0	0	0	0	0	0	0	0	0	0	0	0	0.0014237808876149797	0.00018733959047565523	0.00011240375428539314	9.366979523782762e-05	0	0.00013113771333295865	0	0	0	0	0	0	0	0	0	0	0	0	0
